% Model:              Devoir 2 COMSOL.mph
% Version:            COMSOL 6.0.0.318
% Date:               Feb 27 2024, 16:46
% Dimension:          1
% Nodes:              2000
% Expressions:        1
% Description:        Line graph
% R                       Concentration
0                         0
5.005005005005007E-4      0
0.0010010010010010014     0
0.0015015015015015021     0
0.002002002002002003      0
0.0025025025025025033     0
0.003003003003003004      0
0.0035035035035035043     0
0.004004004004004005      0
0.004504504504504505      0
0.005005005005005006      0
0.005505505505505506      0
0.006006006006006007      0
0.006506506506506507      0
0.007007007007007008      0
0.007507507507507508      0
0.008008008008008008      0
0.008508508508508508      0
0.009009009009009007      0
0.009509509509509507      0
0.010010010010010006      0
0.010510510510510506      0
0.011011011011011006      0
0.011511511511511505      0
0.012012012012012005      0
0.012512512512512505      0
0.013013013013013004      0
0.013513513513513504      0
0.014014014014014003      0
0.014514514514514503      0
0.015015015015015003      0
0.015515515515515502      0
0.016016016016016002      0
0.0165165165165165        0
0.017017017017017         0
0.0175175175175175        0
0.018018018018018         0
0.0185185185185185        0
0.019019019019019         0
0.0195195195195195        0
0.02002002002002          0
0.0205205205205205        0
0.021021021021021         0
0.021521521521521498      0
0.022022022022021998      0
0.022522522522522497      0
0.023023023023022997      0
0.023523523523523496      0
0.024024024024023996      0
0.024524524524524496      0
0.025025025025024995      0
0.025525525525525495      0
0.026026026026025995      0
0.026526526526526494      0
0.027027027027026994      0
0.027527527527527493      0
0.028028028028027993      0
0.028528528528528493      0
0.029029029029028992      0
0.029529529529529492      0
0.03003003003002999       0
0.03053053053053049       0
0.03103103103103099       0
0.03153153153153149       0
0.03203203203203198       0
0.03253253253253248       0
0.033033033033032976      0
0.03353353353353347       0
0.03403403403403397       0
0.034534534534534464      0
0.03503503503503496       0
0.035535535535535456      0
0.03603603603603595       0
0.03653653653653645       0
0.037037037037036945      0
0.03753753753753744       0
0.03803803803803794       0
0.03853853853853843       0
0.03903903903903893       0
0.039539539539539426      0
0.04004004004003992       0
0.04054054054054042       0
0.041041041041040914      0
0.04154154154154141       0
0.042042042042041906      0
0.0425425425425424        0
0.0430430430430429        0
0.043543543543543395      0
0.04404404404404389       0
0.04454454454454439       0
0.04504504504504488       0
0.04554554554554538       0
0.046046046046045876      0
0.04654654654654637       0
0.04704704704704687       0
0.047547547547547364      0
0.04804804804804786       0
0.048548548548548356      0
0.04904904904904885       0
0.04954954954954935       0
0.050050050050049845      0
0.05055055055055034       0
0.05105105105105084       0
0.05155155155155133       0
0.05205205205205183       0
0.052552552552552326      0
0.05305305305305282       0
0.05355355355355332       0
0.054054054054053814      0
0.05455455455455431       0
0.055055055055054807      0
0.0555555555555553        0
0.0560560560560558        0
0.056556556556556295      0
0.05705705705705679       0
0.05755755755755729       0
0.05805805805805778       0
0.05855855855855828       0
0.059059059059058776      0
0.05955955955955927       0
0.06006006006005977       0
0.060560560560560264      0
0.06106106106106076       0
0.06156156156156126       0
0.06206206206206175       0
0.06256256256256225       0
0.06306306306306275       0
0.06356356356356326       0
0.06406406406406376       0
0.06456456456456426       0
0.06506506506506476       0
0.06556556556556527       0
0.06606606606606577       0
0.06656656656656627       0
0.06706706706706678       0
0.06756756756756728       0
0.06806806806806778       0
0.06856856856856829       0
0.06906906906906879       0
0.06956956956956929       0
0.0700700700700698        0
0.0705705705705703        0
0.0710710710710708        0
0.0715715715715713        0
0.07207207207207181       0
0.07257257257257231       0
0.07307307307307281       0
0.07357357357357332       0
0.07407407407407382       0
0.07457457457457432       0
0.07507507507507483       0
0.07557557557557533       0
0.07607607607607583       0
0.07657657657657634       0
0.07707707707707684       0
0.07757757757757734       0
0.07807807807807784       0
0.07857857857857835       0
0.07907907907907885       0
0.07957957957957935       0
0.08008008008007986       0
0.08058058058058036       0
0.08108108108108086       0
0.08158158158158137       0
0.08208208208208187       0
0.08258258258258237       0
0.08308308308308288       0
0.08358358358358338       0
0.08408408408408388       0
0.08458458458458439       0
0.08508508508508489       0
0.08558558558558539       0
0.0860860860860859        0
0.0865865865865864        0
0.0870870870870869        0
0.0875875875875874        0
0.0880880880880879        0
0.08858858858858841       0
0.08908908908908891       0
0.08958958958958942       0
0.09009009009008992       0
0.09059059059059042       0
0.09109109109109093       0
0.09159159159159143       0
0.09209209209209193       0
0.09259259259259243       0
0.09309309309309294       0
0.09359359359359344       0
0.09409409409409394       0
0.09459459459459445       0
0.09509509509509495       0
0.09559559559559545       0
0.09609609609609596       0
0.09659659659659646       0
0.09709709709709696       0
0.09759759759759747       0
0.09809809809809797       0
0.09859859859859847       0
0.09909909909909898       0
0.09959959959959948       0
0.10010010010009998       0
0.10060060060060048       0
0.10110110110110099       0
0.10160160160160149       0
0.102102102102102         0
0.1026026026026025        0
0.103103103103103         0
0.1036036036036035        0
0.104104104104104         0
0.10460460460460451       0
0.10510510510510501       0
0.10560560560560552       0
0.10610610610610602       0
0.10660660660660652       0
0.10710710710710702       0
0.10760760760760753       0
0.10810810810810803       0
0.10860860860860853       0
0.10910910910910904       0
0.10960960960960954       0
0.11011011011011004       0
0.11061061061061055       0
0.11111111111111105       0
0.11161161161161155       0
0.11211211211211206       0
0.11261261261261256       0
0.11311311311311306       0
0.11361361361361356       0
0.11411411411411407       0
0.11461461461461457       0
0.11511511511511507       0
0.11561561561561558       0
0.11611611611611608       0
0.11661661661661658       0
0.11711711711711709       0
0.11761761761761759       0
0.11811811811811809       0
0.1186186186186186        0
0.1191191191191191        0
0.1196196196196196        0
0.1201201201201201        0
0.12062062062062061       0
0.12112112112112111       0
0.12162162162162161       0
0.12212212212212212       0
0.12262262262262262       0
0.12312312312312312       0
0.12362362362362363       0
0.12412412412412413       0
0.12462462462462463       0
0.12512512512512514       0
0.12562562562562563       0
0.12612612612612611       0
0.1266266266266266        0
0.1271271271271271        0
0.12762762762762758       0
0.12812812812812807       0
0.12862862862862856       0
0.12912912912912905       0
0.12962962962962954       0
0.13013013013013003       0
0.13063063063063052       0
0.131131131131131         0
0.1316316316316315        0
0.13213213213213199       0
0.13263263263263247       0
0.13313313313313296       0
0.13363363363363345       0
0.13413413413413394       0
0.13463463463463443       0
0.13513513513513492       0
0.1356356356356354        0
0.1361361361361359        0
0.1366366366366364        0
0.13713713713713688       0
0.13763763763763737       0
0.13813813813813786       0
0.13863863863863835       0
0.13913913913913883       0
0.13963963963963932       0
0.1401401401401398        0
0.1406406406406403        0
0.1411411411411408        0
0.14164164164164128       0
0.14214214214214177       0
0.14264264264264226       0
0.14314314314314275       0
0.14364364364364324       0
0.14414414414414373       0
0.14464464464464422       0
0.1451451451451447        0
0.1456456456456452        0
0.14614614614614568       0
0.14664664664664617       0
0.14714714714714666       0
0.14764764764764715       0
0.14814814814814764       0
0.14864864864864813       0
0.14914914914914862       0
0.1496496496496491        0
0.1501501501501496        0
0.1506506506506501        0
0.15115115115115058       0
0.15165165165165106       0
0.15215215215215155       0
0.15265265265265204       0
0.15315315315315253       0
0.15365365365365302       0
0.1541541541541535        0
0.154654654654654         0
0.1551551551551545        0
0.15565565565565498       0
0.15615615615615547       0
0.15665665665665596       0
0.15715715715715645       0
0.15765765765765694       0
0.15815815815815742       0
0.15865865865865791       0
0.1591591591591584        0
0.1596596596596589        0
0.16016016016015938       0
0.16066066066065987       0
0.16116116116116036       0
0.16166166166166085       0
0.16216216216216134       0
0.16266266266266183       0
0.16316316316316232       0
0.1636636636636628        0
0.1641641641641633        0
0.16466466466466378       0
0.16516516516516427       0
0.16566566566566476       0
0.16616616616616525       0
0.16666666666666574       0
0.16716716716716623       0
0.16766766766766672       0
0.1681681681681672        0
0.1686686686686677        0
0.1691691691691682        0
0.16966966966966868       0
0.17017017017016917       0
0.17067067067066966       0
0.17117117117117014       0
0.17167167167167063       0
0.17217217217217112       0
0.1726726726726716        0
0.1731731731731721        0
0.1736736736736726        0
0.17417417417417308       0
0.17467467467467357       0
0.17517517517517406       0
0.17567567567567455       0
0.17617617617617504       0
0.17667667667667553       0
0.17717717717717602       0
0.1776776776776765        0
0.178178178178177         0
0.17867867867867748       0
0.17917917917917797       0
0.17967967967967846       0
0.18018018018017895       0
0.18068068068067944       0
0.18118118118117993       0
0.18168168168168042       0
0.1821821821821809        0
0.1826826826826814        0
0.18318318318318189       0
0.18368368368368237       0
0.18418418418418286       0
0.18468468468468335       0
0.18518518518518384       0
0.18568568568568433       0
0.18618618618618482       0
0.1866866866866853        0
0.1871871871871858        0
0.1876876876876863        0
0.18818818818818678       0
0.18868868868868727       0
0.18918918918918776       0
0.18968968968968825       0
0.19019019019018873       0
0.19069069069068922       0
0.1911911911911897        0
0.1916916916916902        0
0.1921921921921907        0
0.19269269269269118       0
0.19319319319319167       0
0.19369369369369216       0
0.19419419419419265       0
0.19469469469469314       0
0.19519519519519363       0
0.19569569569569412       0
0.1961961961961946        0
0.1966966966966951        0
0.19719719719719558       0
0.19769769769769607       0
0.19819819819819656       0
0.19869869869869705       0
0.19919919919919754       0
0.19969969969969803       0
0.20020020020019852       0
0.200700700700699         0
0.2012012012011995        0
0.2017017017017           0
0.20220220220220048       0
0.20270270270270097       0
0.20320320320320145       0
0.20370370370370194       0
0.20420420420420243       0
0.20470470470470292       0
0.2052052052052034        0
0.2057057057057039        0
0.2062062062062044        0
0.20670670670670488       0
0.20720720720720537       0
0.20770770770770586       0
0.20820820820820635       0
0.20870870870870684       0
0.20920920920920733       0
0.20970970970970781       0
0.2102102102102083        0
0.2107107107107088        0
0.21121121121120928       0
0.21171171171170977       0
0.21221221221221026       0
0.21271271271271075       0
0.21321321321321124       0
0.21371371371371173       0
0.21421421421421222       0
0.2147147147147127        0
0.2152152152152132        0
0.21571571571571369       0
0.21621621621621417       0
0.21671671671671466       0
0.21721721721721515       0
0.21771771771771564       0
0.21821821821821613       0
0.21871871871871662       0
0.2192192192192171        0
0.2197197197197176        0
0.2202202202202181        0
0.22072072072071858       0
0.22122122122121907       0
0.22172172172171956       0
0.22222222222222004       0
0.22272272272272053       0
0.22322322322322102       0
0.2237237237237215        0
0.224224224224222         0
0.2247247247247225        0
0.22522522522522298       0
0.22572572572572347       0
0.22622622622622396       0
0.22672672672672445       0
0.22722722722722494       0
0.22772772772772543       0
0.22822822822822592       0
0.2287287287287264        0
0.2292292292292269        0
0.22972972972972738       0
0.23023023023022787       0
0.23073073073072836       0
0.23123123123122885       0
0.23173173173172934       0
0.23223223223222983       0
0.23273273273273032       0
0.2332332332332308        0
0.2337337337337313        0
0.2342342342342318        0
0.23473473473473228       0
0.23523523523523276       0
0.23573573573573325       0
0.23623623623623374       0
0.23673673673673423       0
0.23723723723723472       0
0.2377377377377352        0
0.2382382382382357        0
0.2387387387387362        0
0.23923923923923668       0
0.23973973973973717       0
0.24024024024023766       0
0.24074074074073815       0
0.24124124124123864       0
0.24174174174173912       0
0.2422422422422396        0
0.2427427427427401        0
0.2432432432432406        0
0.24374374374374108       0
0.24424424424424157       0
0.24474474474474206       0
0.24524524524524255       0
0.24574574574574304       0
0.24624624624624353       0
0.24674674674674402       0
0.2472472472472445        0
0.247747747747745         0
0.24824824824824548       0
0.24874874874874597       0
0.24924924924924646       0
0.24974974974974695       0
0.25025025025024744       0
0.25075075075074793       0
0.2512512512512484        0
0.2517517517517489        0
0.2522522522522494        0
0.2527527527527499        0
0.2532532532532504        0
0.25375375375375087       0
0.25425425425425136       0
0.25475475475475184       0
0.25525525525525233       0
0.2557557557557528        0
0.2562562562562533        0
0.2567567567567538        0
0.2572572572572543        0
0.2577577577577548        0
0.25825825825825527       0
0.25875875875875576       0
0.25925925925925625       0
0.25975975975975674       0
0.2602602602602572        0
0.2607607607607577        0
0.2612612612612582        0
0.2617617617617587        0
0.2622622622622592        0
0.26276276276275967       0
0.26326326326326016       0
0.26376376376376065       0
0.26426426426426114       0
0.26476476476476163       0
0.2652652652652621        0
0.2657657657657626        0
0.2662662662662631        0
0.2667667667667636        0
0.2672672672672641        0
0.26776776776776456       0
0.26826826826826505       0
0.26876876876876554       0
0.26926926926926603       0
0.2697697697697665        0
0.270270270270267         0
0.2707707707707675        0
0.271271271271268         0
0.2717717717717685        0
0.27227227227226897       0
0.27277277277276946       0
0.27327327327326995       0
0.27377377377377043       0
0.2742742742742709        0
0.2747747747747714        0
0.2752752752752719        0
0.2757757757757724        0
0.2762762762762729        0
0.27677677677677337       0
0.27727727727727386       0
0.27777777777777435       0
0.27827827827827484       0
0.2787787787787753        0
0.2792792792792758        0
0.2797797797797763        0
0.2802802802802768        0
0.2807807807807773        0
0.2812812812812778        0
0.28178178178177826       0
0.28228228228227875       0
0.28278278278277924       0
0.28328328328327973       0
0.2837837837837802        0
0.2842842842842807        0
0.2847847847847812        0
0.2852852852852817        0
0.2857857857857822        0
0.28628628628628267       0
0.28678678678678315       0
0.28728728728728364       0
0.28778778778778413       0
0.2882882882882846        0
0.2887887887887851        0
0.2892892892892856        0
0.2897897897897861        0
0.2902902902902866        0
0.29079079079078707       0
0.29129129129128756       0
0.29179179179178805       0
0.29229229229228854       0
0.292792792792789         0
0.2932932932932895        0
0.29379379379379          -3.33E-321
0.2942942942942905        -3.327E-320
0.294794794794791         -2.22715E-319
0.29529529529529147       -1.33189E-318
0.29579579579579196       -8.1376E-318
0.29629629629629245       -4.9802356E-317
0.29679679679679294       -1.4130885E-316
0.29729729729729343       8.1357316E-317
0.2977977977977939        6.354973134E-315
0.2982982982982944        3.421365648E-314
0.2987987987987949        2.2120607579E-313
0.2992992992992954        1.35116176142E-312
0.2997997997997959        8.25895552821E-312
0.30030030030029636       5.051456472412E-311
0.30080080080079685       3.0899746050736E-310
0.30130130130129734       1.89016647670711E-309
0.30180180180179783       1.1562190922003417E-308
0.3023023023022983        7.072577727340017E-308
0.3028028028027988        4.32626537013259E-307
0.3033033033032993        2.6463445358921183E-306
0.3038038038037998        1.6187411397808926E-305
0.3043043043043003        9.901618499878093E-305
0.30480480480480077       6.056653453994794E-304
0.30530530530530126       3.7047336942731066E-303
0.30580580580580174       2.266099541798517E-302
0.30630630630630223       1.386113111734861E-301
0.3068068068068027        8.478441824497305E-301
0.3073073073073032        5.185982951274577E-300
0.3078078078078037        3.1720773952932826E-299
0.3083083083083042        1.940233945753705E-298
0.3088088088088047        1.1867576447387365E-297
0.30930930930930517       7.258845886277038E-297
0.30980980980980566       4.4398745067308774E-296
0.31031031031030615       2.715634875413803E-295
0.31081081081080664       1.6609998979499786E-294
0.3113113113113071        1.015933689133302E-293
0.3118118118118076        6.213819426436887E-293
0.3123123123123081        3.8005756973854827E-292
0.3128128128128086        2.324543187179229E-291
0.3133133133133091        1.421750229864064E-290
0.3138138138138096        8.695737721131632E-290
0.31431431431431006       5.3184732085024345E-289
0.31481481481481055       3.2528566100791147E-288
0.31531531531531104       1.9894830538915356E-287
0.31581581581581153       1.216782433511226E-286
0.316316316316312         7.441885117861293E-286
0.3168168168168125        4.551455653417131E-285
0.317317317317313         2.783652215788475E-284
0.3178178178178135        1.7024600063737792E-283
0.318318318318314         1.041204719522598E-282
0.31881881881881446       6.367846462540846E-282
0.31931931931931495       3.894451187445631E-281
0.31981981981981544       2.3817553649423975E-280
0.32032032032031593       1.4566165002216273E-279
0.3208208208208164        8.908210355491914E-279
0.3213213213213169        5.447946665741109E-278
0.3218218218218174        3.3317496067761263E-277
0.3223223223223179        2.037553245522161E-276
0.3228228228228184        1.2460706326125451E-275
0.32332332332331887       7.620323637919746E-275
0.32382382382381936       4.660164126604287E-274
0.32432432432431985       2.849876415997856E-273
0.32482482482482034       1.7428011575685533E-272
0.3253253253253208        1.0657776969853882E-271
0.3258258258258213        6.517519954412279E-271
0.3263263263263218        3.9856122313097915E-270
0.3268268268268223        2.437275517154414E-269
0.3273273273273228        1.4904283264873035E-268
0.32782782782782327       9.11411345602501E-268
0.32832832832832376       5.573328052164286E-267
0.32882882882882425       3.408094292572769E-266
0.32932932932932474       2.084036844932825E-265
0.3298298298298252        1.274371223506594E-264
0.3303303303303257        7.792615865479349E-264
0.3308308308308262        4.7650482860925925E-263
0.3313313313313267        2.9137215418087975E-262
0.3318318318318272        1.7816625901284666E-261
0.3323323323323277        1.0894305021668206E-260
0.33283283283282816       6.661472337296603E-260
0.33333333333332865       4.0732168435264305E-259
0.33383383383382914       2.49058525395766E-258
0.33433433433432963       1.5228665521911392E-257
0.3348348348348301        9.311482097241438E-257
0.3353353353353306        5.693407650658879E-256
0.3358358358358311        3.481145906524217E-255
0.3363363363363316        2.1284753458066513E-254
0.3368368368368321        1.3014019333233802E-253
0.33733733733733257       7.957024046255743E-253
0.33783783783783305       4.865038330789612E-252
0.33833833833833354       2.9745290061924178E-251
0.33883883883883403       1.8186388713272577E-250
0.3393393393393345        1.111913549222674E-249
0.339839839839835         6.798167167522105E-249
0.3403403403403355        4.1563192031941375E-248
0.340840840840836         2.541102342418058E-247
0.3413413413413365        1.5535727672244065E-246
0.34184184184183697       9.498110005483658E-246
0.34234234234233746       5.806827353619931E-245
0.34284284284283795       3.55006845170652E-244
0.34334334334333844       2.1703541468196633E-243
0.3438438438438389        1.326846000217149E-242
0.3443443443443394        8.111598377848436E-242
0.3448448448448399        4.95893408692583E-241
0.3453453453453404        3.031560065978259E-240
0.3458458458458409        1.8532752868055831E-239
0.34634634634634137       1.132946953088155E-238
0.34684684684684186       6.925881717263698E-238
0.34734734734734235       4.233858959620237E-237
0.34784784784784284       2.58817413558167E-236
0.34834834834834333       1.5821452704471737E-235
0.3488488488488438        9.67152475195406E-235
0.3493493493493443        5.9120654208053E-234
0.3498498498498448        3.6139253299965665E-233
0.3503503503503453        2.2090967973816436E-232
0.3508508508508458        1.3503486377886845E-231
0.35135135135134626       8.254155286186122E-231
0.35185185185184675       5.0453916605239235E-230
0.35235235235234724       3.083987620784679E-229
0.35285285285284773       1.8850628016263157E-228
0.3533533533533482        1.1522174334261543E-227
0.3538538538538487        7.042687951659366E-227
0.3543543543543492        4.3046495442184146E-226
0.3548548548548497        2.6310703910406146E-225
0.3553553553553502        1.6081346572579376E-224
0.35585585585585067       9.828960641807148E-224
0.35635635635635116       6.0074198218378565E-223
0.35685685685685165       3.671669107375466E-222
0.35735735735735213       2.244058709242987E-221
0.3578578578578526        1.3715131713808523E-220
0.3583583583583531        8.382253686242995E-220
0.3588588588588536        5.122908851579803E-219
0.3593593593593541        3.1308872512544875E-218
0.3598598598598546        1.9134325540272033E-217
0.36036036036035507       1.169374931507251E-216
0.36086086086085556       7.146431742443853E-216
0.36136136136135605       4.367365399087247E-215
0.36186186186185654       2.6689754240101785E-214
0.362362362362357         1.631038998350703E-213
0.3628628628628575        9.967329091893843E-213
0.363363363363358         6.090990035982121E-212
0.3638638638638585        3.722130331534582E-211
0.364364364364359         2.2745202859315347E-210
0.3648648648648595        1.3898968167480477E-209
0.36536536536535996       8.493169045867788E-209
0.36586586586586045       5.189809218704344E-208
0.36636636636636094       3.171227428275297E-207
0.36686686686686143       1.937749839914494E-206
0.3673673673673619        1.184028914255556E-205
0.3678678678678624        7.234710159867961E-205
0.3683683683683629        4.420528025097493E-204
0.3688688688688634        2.7009795352424787E-203
0.3693693693693639        1.6502985730124536E-202
0.36986986986986436       1.0083186272103166E-201
0.37037037037036485       6.160657170985783E-201
0.37087087087086534       3.7640053169076125E-200
0.37137137137136583       2.299679417895311E-199
0.3718718718718663        1.4050060690893143E-198
0.3723723723723668        8.583865056145474E-198
0.3728728728728673        5.244224673502621E-197
0.3733733733733678        3.2038588190464204E-196
0.3738738738738683        1.9573075425679745E-195
0.37437437437436877       1.195744337499874E-194
0.37487487487486926       7.304846671192814E-194
0.37537537537536975       4.462490744037552E-193
0.37587587587587024       2.7260696490174137E-192
0.3763763763763707        1.66529011719113E-191
0.3768768768768712        1.0172697766066629E-190
0.3773773773773717        6.214062250996853E-190
0.3778778778778722        3.795842805017336E-189
0.3783783783783727        2.3186432867837467E-188
0.37887887887887317       1.4162916677059162E-187
0.37937937937937366       8.650962694950911E-187
0.37987987987987415       5.284076473673751E-186
0.38038038038037464       3.2275026095321146E-185
0.38088088088087513       1.9713189581450928E-184
0.3813813813813756        1.2040372380850184E-183
0.3818818818818761        7.353864059402887E-183
0.3823823823823766        4.4914220603715946E-182
0.3828828828828771        2.743119090927476E-181
0.3833833833833776        1.6753205431715144E-180
0.38388388388387806       1.0231599986154372E-179
0.38438438438437855       6.248582510770482E-179
0.38488488488487904       3.816029400166525E-178
0.38538538538537953       2.3304194174732213E-177
0.38588588588588          1.4231430985798464E-176
0.3863863863863805        8.690706452148559E-176
0.386886886886881         5.307054472633674E-175
0.3873873873873815        3.2407377559742887E-174
0.387887887887882         1.9789099633547487E-173
0.38838838838838247       1.2083699219082248E-172
0.38888888888888296       7.378454859876072E-172
0.38938938938938344       4.505287498396868E-171
0.38988988988988393       2.7508764291740244E-170
0.3903903903903844        1.6796200840122357E-169
0.3908908908908849        1.0255158055066029E-168
0.3913913913913854        6.261305519483995E-168
0.3918918918918859        3.822773671968876E-167
0.3923923923923864        2.333905911202043E-166
0.39289289289288687       1.4248825939512216E-165
0.39339339339338736       8.698927465126567E-165
0.39389389389388785       5.310594471324619E-164
0.39439439439438834       3.2419870706832684E-163
0.3948948948948888        1.979110467093306E-162
0.3953953953953893        1.2081457121341418E-161
0.3958958958958898        7.374949095483153E-161
0.3963963963963903        4.5018297799832004E-160
0.3968968968968908        2.7479532965808425E-159
0.39739739739739127       1.6773348118981006E-158
0.39789789789789176       1.023811984176073E-157
0.39839839839839225       6.249000942396987E-157
0.39889889889889274       3.814088806953836E-156
0.39939939939939323       2.327880787492041E-155
0.3998998998998937        1.4207585844795192E-154
0.4004004004003942        8.6710032919025E-154
0.4009009009008947        5.291853504701573E-153
0.4014014014013952        3.229502039235178E-152
0.4019019019018957        1.970845082867184E-151
0.40240240240239616       1.2027032187908297E-150
0.40290290290289665       7.339279071852407E-150
0.40340340340339714       4.4785471965714E-149
0.40390390390389763       2.7328111034646722E-148
0.4044044044043981        1.6675184752226186E-147
0.4049049049048986        1.0174665812822611E-146
0.4054054054053991        6.208089732228478E-146
0.4059059059058996        3.787773681429545E-145
0.4064064064064001        2.3109903563623727E-144
0.40690690690690057       1.4099385557835842E-143
0.40740740740740106       8.601814025763296E-143
0.40790790790790155       5.247682881093047E-142
0.40840840840840203       3.201346257427189E-141
0.4089089089089025        1.952922953436283E-140
0.409409409409403         1.1913100876391742E-139
0.4099099099099035        7.266940974208052E-139
0.410410410410404         4.432670016624548E-138
0.4109109109109045        2.7037465438368116E-137
0.41141141141140497       1.6491235945081156E-136
0.41191191191190546       1.0058354331449607E-135
0.41241241241240595       6.134610524370583E-135
0.41291291291290644       3.741392216886324E-134
0.4134134134134069        2.2817365356465198E-133
0.4139139139139074        1.3915012570442463E-132
0.4144144144144079        8.485694430156257E-132
0.4149149149149084        5.174598777130259E-131
0.4154154154154089        3.1553773668215003E-130
0.4159159159159094        1.924026653266081E-129
0.41641641641640986       1.1731561826178713E-128
0.41691691691691035       7.152952985144138E-128
0.41741741741741084       4.361134756187205E-127
0.41791791791791133       2.6588757890957806E-126
0.4184184184184118        1.6209917521653308E-125
0.4189189189189123        9.882062004901313E-125
0.4194194194194128        6.02418299080534E-124
0.4199199199199133        3.672250867400312E-123
0.4204204204204138        2.238463020963132E-122
0.42092092092091427       1.3644282048949179E-121
0.42142142142141475       8.316381745169115E-121
0.42192192192191524       5.068750174125977E-120
0.42242242242241573       3.0892273573844273E-119
0.4229229229229162        1.8827000880361881E-118
0.4234234234234167        1.147346152272852E-117
0.4239239239239172        6.991809618787384E-117
0.4244244244244177        4.260556125526151E-116
0.4249249249249182        2.596117254355459E-115
0.42542542542541867       1.5818430055580302E-114
0.42592592592591916       9.637918647243953E-114
0.42642642642641965       5.871967886714006E-113
0.42692692692692014       3.577374075676487E-112
0.4274274274274206        2.1793402080187375E-111
0.4279279279279211        1.327594420991148E-110
0.4284284284284216        8.086958787250285E-110
0.4289289289289221        4.925883903554239E-109
0.4294294294294226        3.0002810945323764E-108
0.42992992992992307       1.82733530357879E-107
0.43043043043042356       1.1128913263586272E-106
0.43093093093092405       6.777431940880076E-106
0.43143143143142454       4.127196448907934E-105
0.43193193193192503       2.5131728127781005E-104
0.4324324324324255        1.5302643468356538E-103
0.432932932932926         9.317236387370708E-103
0.4334334334334265        5.672623501133587E-102
0.433933933933927         3.4534775204711495E-101
0.4344344344344275        2.1023487583852525E-100
0.43493493493492796       1.27975833640896E-99
0.43543543543542845       7.789791931636135E-99
0.43593593593592894       4.741306549518783E-98
0.43643643643642943       2.885652915760365E-97
0.4369369369369299        1.7561581091680243E-96
0.4374374374374304        1.0687008842227704E-95
0.4379379379379309        6.503113316212733E-95
0.4384384384384314        3.9569323373124055E-94
0.4389389389389319        2.407507322685216E-93
0.43943943943943237       1.4646971264900747E-92
0.43993993993993286       8.91043241231877E-92
0.44044044044043335       5.420258198479248E-91
0.44094094094093383       3.2969389630670846E-90
0.4414414414414343        2.0052616906431677E-89
0.4419419419419348        1.219550790340429E-88
0.4424424424424353        7.416463532064761E-88
0.4429429429429358        4.509842934674943E-87
0.4434434434434363        2.7421611288736156E-86
0.44394394394393677       1.6672124120032313E-85
0.44444444444443726       1.0135722316242921E-84
0.44494494494493775       6.161460294375885E-84
0.44544544544543824       3.745218375176818E-83
0.4459459459459387        2.2763263207335072E-82
0.4464464464464392        1.3834233505395762E-81
0.4469469469469397        8.406944792594836E-81
0.4474474474474402        5.108378711156352E-80
0.4479479479479407        3.1037664841437854E-79
0.4484484484484412        1.885624868753196E-78
0.44894894894894166       1.1454630443971139E-77
0.44944944944944215       6.957698294542998E-77
0.44994994994994264       4.2257908928504654E-76
0.45045045045044313       2.5663002295847603E-75
0.4509509509509436        1.5583431509737748E-74
0.4514514514514441        9.461805172604055E-74
0.4519519519519446        5.744328211787078E-73
0.4524524524524451        3.4870475619929917E-72
0.4529529529529456        2.116551721994863E-71
0.45345345345344606       1.284550753599252E-70
0.45395395395394655       7.795140789282916E-70
0.45445445445444704       4.729833814663545E-69
0.45495495495494753       2.869563884686546E-68
0.455455455455448         1.7407357486512396E-67
0.4559559559559485        1.0558337271584438E-66
0.456456456456449         6.403283080954253E-66
0.4569569569569495        3.882872006447281E-65
0.45745745745745          2.354210640787426E-64
0.45795795795795047       1.4271777083049192E-63
0.45845845845845096       8.650672144499483E-63
0.45895895895895145       5.242751052172806E-62
0.45945945945945194       3.176908227611551E-61
0.4599599599599524        1.924795354289548E-60
0.4604604604604529        1.1659965418135361E-59
0.4609609609609534        7.062216991843283E-59
0.4614614614614539        4.2767529853543955E-58
0.4619619619619544        2.5894930053990594E-57
0.46246246246245487       1.567620232284531E-56
0.46296296296295536       9.488346163704749E-56
0.46346346346345585       5.741979573888593E-55
0.46396396396395634       3.47417795943867E-54
0.4644644644644568        2.1016457590733546E-53
0.4649649649649573        1.2711056674028203E-52
0.4654654654654578        7.686276871083787E-52
0.4659659659659583        4.646865068918254E-51
0.4664664664664588        2.808737116302362E-50
0.4669669669669593        1.69733013950443E-49
0.46746746746745976       1.0254696906508498E-48
0.46796796796796025       6.19409058039619E-48
0.46846846846846074       3.7404796071817854E-47
0.46896896896896123       2.258232698302691E-46
0.4694694694694617        1.3630074655460154E-45
0.4699699699699622        8.224551583647134E-45
0.4704704704704627        4.961429185961518E-44
0.4709709709709632        2.992112127231328E-43
0.4714714714714637        1.8039360759181945E-42
0.47197197197196417       1.0872567740766601E-41
0.47247247247246466       6.550976523088026E-41
0.47297297297296514       3.9458256306939716E-40
0.47347347347346563       2.3758683088281964E-39
0.4739739739739661        1.430058718790479E-38
0.4744744744744666        8.604516728353627E-38
0.4749749749749671        5.175280946568112E-37
0.4754754754754676        3.111498257081043E-36
0.4759759759759681        1.8699341616897043E-35
0.47647647647646857       1.1233024027382714E-34
0.47697697697696906       6.7448561577706754E-34
0.47747747747746955       4.048049544757752E-33
0.47797797797797004       2.428325992651798E-32
0.4784784784784705        1.4559501213056236E-31
0.478978978978971         8.724769462466486E-31
0.4794794794794715        5.225384443124135E-30
0.479979979979972         3.1277167062616676E-29
0.4804804804804725        1.8709776238454095E-28
0.48098098098097297       1.118479301375595E-27
0.48148148148147346       6.68175481155005E-27
0.48198198198197395       3.988780842283892E-26
0.48248248248247444       2.3793555589228123E-25
0.48298298298297493       1.4181723252050221E-24
0.4834834834834754        8.445559452202025E-24
0.4839839839839759        5.0249872544987334E-23
0.4844844844844764        2.986921828062577E-22
0.4849849849849769        1.7736499426395202E-21
0.4854854854854774        1.0520519562662512E-20
0.48598598598597786       6.233021641717602E-20
0.48648648648647835       3.688209769232606E-19
0.48698698698697884       2.1794523550632314E-18
0.48748748748747933       1.2860221096745942E-17
0.4879879879879798        7.576484981412408E-17
0.4884884884884803        4.456027994714244E-16
0.4889889889889808        2.6159161558052337E-15
0.4894894894894813        1.5325740529331296E-14
0.4899899899899818        8.958929454068479E-14
0.49049049049048227       5.224324456642303E-13
0.49099099099098276       3.0382973843686886E-12
0.49149149149148325       1.7616681628661666E-11
0.49199199199198373       1.0180179626638812E-10
0.4924924924924842        5.86054917741582E-10
0.4929929929929847        3.35930059067622E-9
0.4934934934934852        1.9160829232539906E-8
0.4939939939939857        1.0866695367955312E-7
0.4944944944944862        6.121742046936556E-7
0.49499499499498667       3.4214088097695807E-6
0.49549549549548716       1.8939916289434355E-5
0.49599599599598765       1.0361933384015306E-4
0.49649649649648814       5.585584808641182E-4
0.4969969969969886        0.0029535504353391394
0.4974974974974891        0.015217435177653275
0.4979979979979896        0.07555470323925986
0.4984984984984901        0.35431823536173623
0.4989989989989906        1.5038570519390018
0.4994994994994911        5.117129419910808
0.5                       12
0                         2.146186853316364
5.005005005005007E-4      2.146194061504811
0.0010010010010010014     2.1462108806591824
0.0015015015015015021     2.1462382719960678
0.002002002002002003      2.146276373018631
0.0025025025025025033     2.1463252297779407
0.003003003003003004      2.1463848634423512
0.0035035035035035043     2.146455285659719
0.004004004004004005      2.146536503678171
0.004504504504504505      2.146628522454663
0.005005005005005006      2.1467313456537798
0.005505505505505506      2.1468449761709327
0.006006006006006007      2.1469694164280697
0.006506506506506507      2.147104668551119
0.007007007007007008      2.14725073448171
0.007507507507507508      2.14740761605038
0.008008008008008008      2.1475753150261596
0.008508508508508508      2.1477538331511483
0.009009009009009007      2.147943172165209
0.009509509509509507      2.1481433338239873
0.010010010010010006      2.148354319912327
0.010510510510510506      2.1485761322544024
0.011011011011011006      2.1488087727215093
0.011511511511511505      2.149052243238123
0.012012012012012005      2.149306545786674
0.012512512512512505      2.149571682411348
0.013013013013013004      2.1498476552211514
0.013513513513513504      2.1501344663923945
0.014014014014014003      2.1504321181707344
0.014514514514514503      2.1507406128728563
0.015015015015015003      2.151059952887881
0.015515515515515502      2.1513901406785383
0.016016016016016002      2.1517311787821605
0.0165165165165165        2.1520830698115323
0.017017017017017         2.152445816455606
0.0175175175175175        2.152819421480128
0.018018018018018         2.153203887728176
0.0185185185185185        2.1535992181206245
0.019019019019019         2.1540054156565582
0.0195195195195195        2.154422483413627
0.02002002002002          2.15485042454837
0.0205205205205205        2.15528924229649
0.021021021021021         2.155738939973119
0.021521521521521498      2.1561995209730296
0.022022022022021998      2.1566709887708524
0.022522522522522497      2.1571533469212536
0.023023023023022997      2.1576465990591065
0.023523523523523496      2.1581507488996476
0.024024024024023996      2.1586658002386154
0.024524524524524496      2.159191756952385
0.025025025025024995      2.159728622998086
0.025525525525525495      2.1602764024137224
0.026026026026025995      2.1608350993182723
0.026526526526526494      2.1614047179117954
0.027027027027026994      2.1619852624755214
0.027527527527527493      2.1625767373719422
0.028028028028027993      2.163179147044904
0.028528528528528493      2.1637924960196773
0.029029029029028992      2.164416788903046
0.029529529529529492      2.16505203038338
0.03003003003002999       2.165698225230709
0.03053053053053049       2.1663553782967933
0.03103103103103099       2.1670234945151936
0.03153153153153149       2.1677025789013413
0.03203203203203198       2.1683926365526003
0.03253253253253248       2.169093672648338
0.033033033033032976      2.169805692449985
0.03353353353353347       2.1705287013011016
0.03403403403403397       2.1712627046274378
0.034534534534534464      2.1720077079369977
0.03503503503503496       2.1727637168200986
0.035535535535535456      2.1735307369494348
0.03603603603603595       2.1743087740801372
0.03653653653653645       2.1750978340498324
0.037037037037036945      2.1758979227787063
0.03753753753753744       2.176709046269559
0.03803803803803794       2.1775312106078744
0.03853853853853843       2.1783644219618683
0.03903903903903893       2.179208686582561
0.039539539539539426      2.180064010803829
0.04004004004003992       2.180930401042469
0.04054054054054042       2.181807863798261
0.041041041041040914      2.1826964056540255
0.04154154154154141       2.1835960332756854
0.042042042042041906      2.1845067534123324
0.0425425425425424        2.185428572896283
0.0430430430430429        2.1863614986431457
0.043543543543543395      2.1873055376518824
0.04404404404404389       2.1882606970048686
0.04454454454454439       2.189226983867962
0.04504504504504488       2.1902044054905647
0.04554554554554538       2.191192969205688
0.046046046046045876      2.192192682430016
0.04654654654654637       2.1932035526639715
0.04704704704704687       2.1942255874917858
0.047547547547547364      2.195258794581562
0.04804804804804786       2.196303181685341
0.048548548548548356      2.1973587566391735
0.04904904904904885       2.1984255273631845
0.04954954954954935       2.199503501861644
0.050050050050049845      2.200592688223035
0.05055055055055034       2.201693094620127
0.05105105105105084       2.202804729310042
0.05155155155155133       2.2039276006343287
0.05205205205205183       2.2050617170190336
0.052552552552552326      2.206207086974774
0.05305305305305282       2.2073637190968083
0.05355355355355332       2.2085316220651134
0.054054054054053814      2.2097108046444576
0.05455455455455431       2.210901275684475
0.055055055055054807      2.2121030441197416
0.0555555555555553        2.21331611896985
0.0560560560560558        2.2145405093394896
0.056556556556556295      2.215776224418522
0.05705705705705679       2.2170232734820576
0.05755755755755729       2.218281665890538
0.05805805805805778       2.2195514110898125
0.05855855855855828       2.220832518611221
0.059059059059058776      2.222124998071672
0.05955955955955927       2.223428859173724
0.06006006006005977       2.2247441117056734
0.060560560560560264      2.22607076554163
0.06106106106106076       2.227408830641603
0.06156156156156126       2.2287583170515894
0.06206206206206175       2.2301192349036523
0.06256256256256225       2.2314915944160103
0.06306306306306275       2.232875405893124
0.06356356356356326       2.234270679725781
0.06406406406406376       2.2356774263911876
0.06456456456456426       2.2370956564530493
0.06506506506506476       2.2385253805616707
0.06556556556556527       2.239966609454034
0.06606606606606577       2.2414193539539005
0.06656656656656627       2.2428836249718924
0.06706706706706678       2.2443594335055903
0.06756756756756728       2.2458467906396242
0.06806806806806778       2.2473457075457652
0.06856856856856829       2.248856195483023
0.06906906906906879       2.2503782657977403
0.06956956956956929       2.251911929923683
0.0700700700700698        2.2534571993821433
0.0705705705705703        2.255014085782031
0.0710710710710708        2.256582600819977
0.0715715715715713        2.258162756280426
0.07207207207207181       2.259754564035737
0.07257257257257231       2.261358036046287
0.07307307307307281       2.262973184360566
0.07357357357357332       2.2646000211152826
0.07407407407407382       2.266238558535464
0.07457457457457432       2.267888808934557
0.07507507507507483       2.2695507847145358
0.07557557557557533       2.271224498366002
0.07607607607607583       2.2729099624682934
0.07657657657657634       2.2746071896895845
0.07707707707707684       2.2763161927869993
0.07757757757757734       2.2780369846067132
0.07807807807807784       2.2797695780840623
0.07857857857857835       2.2815139862436538
0.07907907907907885       2.2832702221994743
0.07957957957957935       2.285038299154998
0.08008008008007986       2.286818230403299
0.08058058058058036       2.288610029327166
0.08108108108108086       2.290413709399208
0.08158158158158137       2.292229284181974
0.08208208208208187       2.2940567673280627
0.08258258258258237       2.2958961725802376
0.08308308308308288       2.297747513771545
0.08358358358358338       2.299610804825425
0.08408408408408388       2.301486059755836
0.08458458458458439       2.3033732926673633
0.08508508508508489       2.3052725177553444
0.08558558558558539       2.307183749305985
0.0860860860860859        2.3091070016964803
0.0865865865865864        2.3110422893951337
0.0870870870870869        2.3129896269614805
0.0875875875875874        2.3149490290464065
0.0880880880880879        2.3169205103922783
0.08858858858858841       2.3189040858330565
0.08908908908908891       2.3208997702944294
0.08958958958958942       2.3229075787939326
0.09009009009008992       2.324927526441079
0.09059059059059042       2.32695962843748
0.09109109109109093       2.3290039000769807
0.09159159159159143       2.3310603567457813
0.09209209209209193       2.33312901392257
0.09259259259259243       2.3352098871786517
0.09309309309309294       2.3373029921780786
0.09359359359359344       2.3394083446777802
0.09409409409409394       2.3415259605277012
0.09459459459459445       2.3436558556709257
0.09509509509509495       2.345798046143819
0.09559559559559545       2.347952548076156
0.09609609609609596       2.350119377691261
0.09659659659659646       2.352298551306142
0.09709709709709696       2.3544900853316264
0.09759759759759747       2.3566939962725018
0.09809809809809797       2.3589103007276506
0.09859859859859847       2.3611390153901923
0.09909909909909898       2.3633801570476236
0.09959959959959948       2.365633742581956
0.10010010010009998       2.367899788969859
0.10060060060060048       2.3701783132828074
0.10110110110110099       2.372469332687216
0.10160160160160149       2.3747728644445902
0.102102102102102         2.3770889259116665
0.1026026026026025        2.379417534540563
0.103103103103103         2.381758707878919
0.1036036036036035        2.3841124635700512
0.104104104104104         2.386478819353093
0.10460460460460451       2.3888577930631474
0.10510510510510501       2.3912494026314386
0.10560560560560552       2.393653666085458
0.10610610610610602       2.396070601549119
0.10660660660660652       2.3985002272429066
0.10710710710710702       2.4009425614840336
0.10760760760760753       2.4033976226865894
0.10810810810810803       2.4058654293616994
0.10860860860860853       2.4083460001176773
0.10910910910910904       2.410839353660182
0.10960960960960954       2.4133455087923776
0.11011011011011004       2.415864484415083
0.11061061061061055       2.418396299526941
0.11111111111111105       2.420940973224571
0.11161161161161155       2.4234985247027288
0.11211211211211206       2.426068973254474
0.11261261261261256       2.4286523382713248
0.11311311311311306       2.431248639243425
0.11361361361361356       2.4338578957597052
0.11411411411411407       2.43648012750805
0.11461461461461457       2.4391153542754602
0.11511511511511507       2.441763595948221
0.11561561561561558       2.444424872512069
0.11611611611611608       2.447099204052357
0.11661661661661658       2.4497866107542285
0.11711711711711709       2.452487112902779
0.11761761761761759       2.4552007308832344
0.11811811811811809       2.457927485181118
0.1186186186186186        2.4606673963824206
0.1191191191191191        2.463420485173779
0.1196196196196196        2.4661867723426445
0.1201201201201201        2.4689662787774598
0.12062062062062061       2.4717590254678345
0.12112112112112111       2.47456503350472
0.12162162162162161       2.4773843240805875
0.12212212212212212       2.4802169184896066
0.12262262262262262       2.483062838127822
0.12312312312312312       2.485922104493338
0.12362362362362363       2.48879473918649
0.12412412412412413       2.491680763910036
0.12462462462462463       2.4945802004693336
0.12512512512512514       2.4974930707725216
0.12562562562562563       2.500419396830709
0.12612612612612611       2.503359200758155
0.1266266266266266        2.5063125047724593
0.1271271271271271        2.5092793311947434
0.12762762762762758       2.512259702449843
0.12812812812812807       2.5152536410664936
0.12862862862862856       2.518261169677521
0.12912912912912905       2.52128231102003
0.12962962962962954       2.524317087935597
0.13013013013013003       2.5273655233704613
0.13063063063063052       2.530427640375717
0.131131131131131         2.5335034621075074
0.1316316316316315        2.5365930118272204
0.13213213213213199       2.539696312901684
0.13263263263263247       2.5428133888033577
0.13313313313313296       2.5459442631105382
0.13363363363363345       2.5490889595075505
0.13413413413413394       2.552247501784951
0.13463463463463443       2.555419913839724
0.13513513513513492       2.5586062196754864
0.1356356356356354        2.561806443402685
0.1361361361361359        2.565020609238804
0.1366366366366364        2.568248741508565
0.13713713713713688       2.5714908646441312
0.13763763763763737       2.5747470031853155
0.13813813813813786       2.5780171817797854
0.13863863863863835       2.5813014251832698
0.13913913913913883       2.5845997582597655
0.13963963963963932       2.58791220598175
0.1401401401401398        2.591238793430389
0.1406406406406403        2.594579545795747
0.1411411411411408        2.5979344883770006
0.14164164164164128       2.6013036465826493
0.14214214214214177       2.60468704593073
0.14264264264264226       2.6080847120490325
0.14314314314314275       2.6114966706753138
0.14364364364364324       2.6149229476575133
0.14414414414414373       2.6183635689539737
0.14464464464464422       2.621818560633656
0.1451451451451447        2.62528794887636
0.1456456456456452        2.6287717599729437
0.14614614614614568       2.632270020325546
0.14664664664664617       2.635782756447807
0.14714714714714666       2.6393099949650916
0.14764764764764715       2.6428517626147134
0.14814814814814764       2.6464080862461605
0.14864864864864813       2.6499789928213193
0.14914914914914862       2.653564509414703
0.1496496496496491        2.657164663213678
0.1501501501501496        2.6607794815186945
0.1506506506506501        2.664408991743514
0.15115115115115058       2.668053221415441
0.15165165165165106       2.6717121981755545
0.15215215215215155       2.6753859497789407
0.15265265265265204       2.6790745040949258
0.15315315315315253       2.6827778891073115
0.15365365365365302       2.6864961329146073
0.1541541541541535        2.690229263730274
0.154654654654654         2.693977309882953
0.1551551551551545        2.697740299816709
0.15565565565565498       2.7015182620912688
0.15615615615615547       2.7053112253822613
0.15665665665665596       2.709119218481458
0.15715715715715645       2.7129422702970176
0.15765765765765694       2.716780409853728
0.15815815815815742       2.720633666293248
0.15865865865865791       2.7245020688743566
0.1591591591591584        2.7283856469731975
0.1596596596596589        2.7322844300835265
0.16016016016015938       2.7361984478169608
0.16066066066065987       2.7401277299032247
0.16116116116116036       2.7440723061904038
0.16166166166166085       2.748032206645195
0.16216216216216134       2.7520074613531578
0.16266266266266183       2.7559981005189687
0.16316316316316232       2.7600041544666754
0.1636636636636628        2.7640256536399517
0.1641641641641633        2.768062628602353
0.16466466466466378       2.7721151100375763
0.16516516516516427       2.776183128749717
0.16566566566566476       2.780266715663526
0.16616616616616525       2.7843659018246725
0.16666666666666574       2.7884807184000078
0.16716716716716623       2.7926111966778238
0.16766766766766672       2.796757368068116
0.1681681681681672        2.8009192641028524
0.1686686686686677        2.805096916436237
0.1691691691691682        2.8092903568449734
0.16966966966966868       2.8134996172285365
0.17017017017016917       2.81772472960944
0.17067067067066966       2.821965726133506
0.17117117117117014       2.826222639070135
0.17167167167167063       2.8304955008125794
0.17217217217217112       2.8347843438782143
0.1726726726726716        2.8390892009088136
0.1731731731731721        2.843410104670824
0.1736736736736726        2.847747088055639
0.17417417417417308       2.852100184079883
0.17467467467467357       2.8564694258856798
0.17517517517517406       2.8608548467409385
0.17567567567567455       2.865256480039633
0.17617617617617504       2.8696743593020813
0.17667667667667553       2.8741085181752304
0.17717717717717602       2.8785589904329365
0.1776776776776765        2.8830258099762536
0.178178178178177         2.887509010833718
0.17867867867867748       2.892008627161633
0.17917917917917797       2.8965246932443605
0.17967967967967846       2.9010572434946043
0.18018018018017895       2.905606312453708
0.18068068068067944       2.9101719347919386
0.18118118118117993       2.914754145308785
0.18168168168168042       2.9193529789332455
0.1821821821821809        2.923968470724129
0.1826826826826814        2.928600655870345
0.18318318318318189       2.9332495696912
0.18368368368368237       2.937915247636703
0.18418418418418286       2.942597725287855
0.18468468468468335       2.947297038356953
0.18518518518518384       2.952013222687893
0.18568568568568433       2.956746314256471
0.18618618618618482       2.9614963491706843
0.1866866866866853        2.966263363671038
0.1871871871871858        2.971047394130851
0.1876876876876863        2.9758484770565623
0.18818818818818678       2.9806666490880396
0.18868868868868727       2.9855019469988835
0.18918918918918776       2.9903544076967488
0.18968968968968825       2.995224068223642
0.19019019019018873       3.0001109657562464
0.19069069069068922       3.0050151376062253
0.1911911911911897        3.009936621220545
0.1916916916916902        3.014875454181786
0.1921921921921907        3.0198316742084623
0.19269269269269118       3.024805319155338
0.19319319319319167       3.029796427013748
0.19369369369369216       3.0348050359119183
0.19419419419419265       3.039831184115288
0.19469469469469314       3.0448749100268313
0.19519519519519363       3.0499362521873827
0.19569569569569412       3.055015249275962
0.1961961961961946        3.060111940110102
0.1966966966966951        3.0652263636461723
0.19719719719719558       3.070358558979712
0.19769769769769607       3.0755085653457592
0.19819819819819656       3.0806764221191814
0.19869869869869705       3.085862168815006
0.19919919919919754       3.091065845088759
0.19969969969969803       3.096287490736795
0.20020020020019852       3.1015271456966347
0.200700700700699         3.1067848500473048
0.2012012012011995        3.112060644009671
0.2017017017017           3.1173545679467827
0.20220220220220048       3.1226666623642116
0.20270270270270097       3.127996967910395
0.20320320320320145       3.133345525376977
0.20370370370370194       3.138712375699153
0.20420420420420243       3.1440975599560215
0.20470470470470292       3.1495011193709215
0.2052052052052034        3.154923095311789
0.2057057057057039        3.1603635292915
0.2062062062062044        3.1658224629682272
0.20670670670670488       3.171299938145787
0.20720720720720537       3.176795996773995
0.20770770770770586       3.182310680949022
0.20820820820820635       3.1878440329137443
0.20870870870870684       3.1933960950581093
0.20920920920920733       3.198966909919484
0.20970970970970781       3.2045565201830204
0.2102102102102083        3.210164968682016
0.2107107107107088        3.2157922983982745
0.21121121121120928       3.221438552462468
0.21171171171170977       3.2271037741545046
0.21221221221221026       3.232788006903891
0.21271271271271075       3.2384912942901023
0.21321321321321124       3.244213680042948
0.21371371371371173       3.2499552080429446
0.21421421421421222       3.255715922321682
0.2147147147147127        3.261495867062201
0.2152152152152132        3.2672950865993644
0.21571571571571369       3.273113625420231
0.21621621621621417       3.2789515281644332
0.21671671671671466       3.2848088396245525
0.21721721721721515       3.290685604746501
0.21771771771771564       3.296581868629902
0.21821821821821613       3.3024976765284655
0.21871871871871662       3.308433073850379
0.2192192192192171        3.3143881061586846
0.2197197197197176        3.3203628191716708
0.2202202202202181        3.32635725876325
0.22072072072071858       3.3323714709633605
0.22122122122121907       3.33840550195834
0.22172172172171956       3.3444593980913297
0.22222222222222004       3.3505332058626567
0.22272272272272053       3.3566269719302335
0.22322322322322102       3.3627407431099514
0.2237237237237215        3.368874566376074
0.224224224224222         3.375028488861638
0.2247247247247225        3.38120255785885
0.22522522522522298       3.3873968208194873
0.22572572572572347       3.3936113253553004
0.22622622622622396       3.399846119238415
0.22672672672672445       3.406101250401734
0.22722722722722494       3.4123767669393503
0.22772772772772543       3.418672717106945
0.22822822822822592       3.424989149322201
0.2287287287287264        3.4313261121652134
0.2292292292292269        3.437683654378898
0.22972972972972738       3.444061824869405
0.23023023023022787       3.4504606727065354
0.23073073073072836       3.4568802471241513
0.23123123123122885       3.4633205975206005
0.23173173173172934       3.469781773459123
0.23223223223222983       3.476263824668284
0.23273273273273032       3.4827668010423873
0.2332332332332308        3.489290752641898
0.2337337337337313        3.4958357296938685
0.2342342342342318        3.5024017825923632
0.23473473473473228       3.508988961898886
0.23523523523523276       3.5155973183428073
0.23573573573573325       3.5222269028217936
0.23623623623623374       3.528877766402241
0.23673673673673423       3.5355499603197047
0.23723723723723472       3.5422435359793365
0.2377377377377352        3.5489585449563172
0.2382382382382357        3.5556950389962925
0.2387387387387362        3.562453070015818
0.23923923923923668       3.569232690102792
0.23973973973973717       3.5760339515169006
0.24024024024023766       3.5828569066900595
0.24074074074073815       3.589701608226858
0.24124124124123864       3.596568108905005
0.24174174174173912       3.603456461675779
0.2422422422422396        3.610366719664471
0.2427427427427401        3.617298936170842
0.2432432432432406        3.624253164669568
0.24374374374374108       3.631229458810699
0.24424424424424157       3.6382278724201083
0.24474474474474206       3.6452484594999546
0.24524524524524255       3.6522912742291354
0.24574574574574304       3.659356370963749
0.24624624624624353       3.6664438042375544
0.24674674674674402       3.673553628762431
0.2472472472472445        3.6806858994288496
0.247747747747745         3.6878406713063305
0.24824824824824548       3.695017999643914
0.24874874874874597       3.7022179398706294
0.24924924924924646       3.709440547595964
0.24974974974974695       3.7166858786103343
0.25025025025024744       3.72395398888556
0.25075075075074793       3.73124493457534
0.2512512512512484        3.7385587720157254
0.2517517517517489        3.745895557725602
0.2522522522522494        3.753255348407165
0.2527527527527499        3.7606382009464046
0.2532532532532504        3.7680441724135854
0.25375375375375087       3.775473320063731
0.25425425425425136       3.7829257013371107
0.25475475475475184       3.7904013738597278
0.25525525525525233       3.7979003954438073
0.2557557557557528        3.8054228240882875
0.2562562562562533        3.8129687179793095
0.2567567567567538        3.8205381354907146
0.2572572572572543        3.82813113518454
0.2577577577577548        3.835747775811511
0.25825825825825527       3.8433881163115453
0.25875875875875576       3.85105221581425
0.25925925925925625       3.858740133639425
0.25975975975975674       3.8664519292975656
0.2602602602602572        3.8741876624903706
0.2607607607607577        3.8819473931112443
0.2612612612612582        3.889731181245811
0.2617617617617587        3.8975390871724174
0.2622622622622592        3.9053711713626535
0.26276276276275967       3.913227494481861
0.26326326326326016       3.921108117389647
0.26376376376376065       3.929013101140407
0.26426426426426114       3.9369425069838355
0.26476476476476163       3.9448963963654546
0.2652652652652621        3.952874830927129
0.2657657657657626        3.9608778725075946
0.2662662662662631        3.968905583142979
0.2667667667667636        3.9769580250673364
0.2672672672672641        3.985035260713165
0.26776776776776456       3.993137352711949
0.26826826826826505       4.001264363894681
0.26876876876876554       4.009416357292406
0.26926926926926603       4.017593396136747
0.2697697697697665        4.025795543860449
0.270270270270267         4.034022864097915
0.2707707707707675        4.042275420685748
0.271271271271268         4.050553277663295
0.2717717717717685        4.058856499273187
0.27227227227226897       4.067185149961892
0.27277277277276946       4.075539294380255
0.27327327327326995       4.083918997384052
0.27377377377377043       4.092324324034544
0.2742742742742709        4.10075533959902
0.2747747747747714        4.109212109551369
0.2752752752752719        4.117694699572617
0.2757757757757724        4.126203175551501
0.2762762762762729        4.134737603585021
0.27677677677677337       4.143298049979006
0.27727727727727386       4.1518845812486775
0.27777777777777435       4.160497264119209
0.27827827827827484       4.169136165526302
0.2787787787787753        4.177801352616755
0.2792792792792758        4.186492892749031
0.2797797797797763        4.195210853493825
0.2802802802802768        4.203955302634654
0.2807807807807773        4.212726308168417
0.2812812812812778        4.22152393830599
0.28178178178177826       4.2303482614727885
0.28228228228227875       4.239199346309367
0.28278278278277924       4.2480772616719875
0.28328328328327973       4.2569820766332205
0.2837837837837802        4.265913860482523
0.2842842842842807        4.274872682726827
0.2847847847847812        4.283858613091141
0.2852852852852817        4.2928717215191305
0.2857857857857822        4.301912078173726
0.28628628628628267       4.31097975343771
0.28678678678678315       4.320074817914322
0.28728728728728364       4.329197342427862
0.28778778778778413       4.338347398024283
0.2882882882882846        4.347525055971807
0.2887887887887851        4.356730387761523
0.2892892892892856        4.365963465108007
0.2897897897897861        4.375224359949916
0.2902902902902866        4.384513144450622
0.29079079079078707       4.393829890998806
0.29129129129128756       4.403174672209087
0.29179179179178805       4.412547560922636
0.29229229229228854       4.421948630207798
0.292792792792789         4.431377953360716
0.2932932932932895        4.4408356039059464
0.29379379379379          4.450321655597101
0.2942942942942905        4.459836182417458
0.294794794794791         4.469379258580607
0.29529529529529147       4.478950958531074
0.29579579579579196       4.488551356944955
0.29629629629629245       4.498180528730554
0.29679679679679294       4.507838549029025
0.29729729729729343       4.517525493215005
0.2977977977977939        4.5272414368972616
0.2982982982982944        4.536986455919339
0.2987987987987949        4.546760626360196
0.2992992992992954        4.556564024534864
0.2997997997997959        4.566396726995093
0.30030030030029636       4.576258810530002
0.30080080080079685       4.586150352166743
0.30130130130129734       4.596071429171142
0.30180180180179783       4.606022119048375
0.3023023023022983        4.616002499543617
0.3028028028027988        4.626012648642706
0.3033033033032993        4.636052644572816
0.3038038038037998        4.6461225658031164
0.3043043043043003        4.65622249104544
0.30480480480480077       4.666352499254967
0.30530530530530126       4.676512669630877
0.30580580580580174       4.686703081617049
0.30630630630630223       4.696923814902717
0.3068068068068027        4.707174949423164
0.3073073073073032        4.717456565360402
0.3078078078078037        4.72776874314385
0.3083083083083042        4.738111563451021
0.3088088088088047        4.748485107208222
0.30930930930930517       4.758889455591227
0.30980980980980566       4.769324690025984
0.31031031031030615       4.7797908921892995
0.31081081081080664       4.790288144009543
0.3113113113113071        4.800816527667346
0.3118118118118076        4.8113761255962935
0.3123123123123081        4.821967020483644
0.3128128128128086        4.832589295271019
0.3133133133133091        4.843243033155119
0.3138138138138096        4.853928317588439
0.31431431431431006       4.864645232279968
0.31481481481481055       4.875393861195911
0.31531531531531104       4.8861742885604125
0.31581581581581153       4.896986598856261
0.316316316316312         4.907830876825618
0.3168168168168125        4.918707207470748
0.317317317317313         4.929615676054733
0.3178178178178135        4.940556368102206
0.318318318318314         4.951529369400082
0.31881881881881446       4.962534765998289
0.31931931931931495       4.973572644210505
0.31981981981981544       4.9846430906148935
0.32032032032031593       4.995746192054843
0.3208208208208164        5.00688203563971
0.3213213213213169        5.018050708745563
0.3218218218218174        5.02925229901593
0.3223223223223179        5.040486894362542
0.3228228228228184        5.05175458296609
0.32332332332331887       5.0630554532769825
0.32382382382381936       5.074389594016085
0.32432432432431985       5.085757094175499
0.32482482482482034       5.097158043019305
0.3253253253253208        5.108592530084336
0.3258258258258213        5.120060645180941
0.3263263263263218        5.1315624783937475
0.3268268268268223        5.1430981200824375
0.3273273273273228        5.154667660882519
0.32782782782782327       5.166271191706099
0.32832832832832376       5.177908803742656
0.32882882882882425       5.189580588459836
0.32932932932932474       5.201286637604213
0.3298298298298252        5.2130270432020875
0.3303303303303257        5.224801897560275
0.3308308308308262        5.236611293266885
0.3313313313313267        5.248455323192118
0.3318318318318272        5.2603340804890655
0.3323323323323277        5.2722476585944955
0.33283283283282816       5.284196151229659
0.33333333333332865       5.296179652401093
0.33383383383382914       5.308198256401417
0.33433433433432963       5.320252057810153
0.3348348348348301        5.332341151494515
0.3353353353353306        5.344465632610241
0.3358358358358311        5.356625596602396
0.3363363363363316        5.368821139206187
0.3368368368368321        5.381052356447791
0.33733733733733257       5.393319344645167
0.33783783783783305       5.405622200408889
0.33833833833833354       5.417961020642966
0.33883883883883403       5.4303359025456786
0.3393393393393345        5.4427469436104
0.339839839839835         5.455194241626444
0.3403403403403355        5.46767789467989
0.340840840840836         5.480198001154432
0.3413413413413365        5.492754659732214
0.34184184184183697       5.50534796939468
0.34234234234233746       5.517978029423417
0.34284284284283795       5.530644939401006
0.34334334334333844       5.543348799211883
0.3438438438438389        5.55608970904318
0.3443443443443394        5.568867769385594
0.3448448448448399        5.581683081034244
0.3453453453453404        5.594535745089532
0.3458458458458409        5.607425862958014
0.34634634634634137       5.620353536353265
0.34684684684684186       5.633318867296751
0.34734734734734235       5.646321958118702
0.34784784784784284       5.6593629114589925
0.34834834834834333       5.672441830268016
0.3488488488488438        5.685558817807571
0.3493493493493443        5.698713977651743
0.3498498498498448        5.7119074136877925
0.3503503503503453        5.725139230117048
0.3508508508508458        5.738409531455794
0.35135135135134626       5.751718422536172
0.35185185185184675       5.765066008507077
0.35235235235234724       5.778452394835053
0.35285285285284773       5.791877687305212
0.3533533533533482        5.805341992022119
0.3538538538538487        5.818845415410726
0.3543543543543492        5.832388064217263
0.3548548548548497        5.845970045510165
0.3553553553553502        5.85959146668099
0.35585585585585067       5.873252435445332
0.35635635635635116       5.886953059843755
0.35685685685685165       5.900693448242709
0.35735735735735213       5.91447370933547
0.3578578578578526        5.9282939521430595
0.3583583583583531        5.942154286015194
0.3588588588588536        5.956054820631213
0.3593593593593541        5.96999566600102
0.3598598598598546        5.98397693246603
0.36036036036035507       5.997998730700116
0.36086086086085556       6.012061171710555
0.36136136136135605       6.0261643668389855
0.36186186186185654       6.040308427762353
0.362362362362357         6.054493466493883
0.3628628628628575        6.068719595384031
0.363363363363358         6.0829869271214445
0.3638638638638585        6.097295574733942
0.364364364364359         6.111645651589475
0.3648648648648595        6.1260372713971
0.36536536536535996       6.140470548207957
0.36586586586586045       6.154945596416248
0.36636636636636094       6.169462530760221
0.36686686686686143       6.184021466323151
0.3673673673673619        6.198622518534331
0.3678678678678624        6.213265803170061
0.3683683683683629        6.227951436354643
0.3688688688688634        6.242679534561381
0.3693693693693639        6.257450214613569
0.36986986986986436       6.272263593685516
0.37037037037036485       6.28711978930353
0.37087087087086534       6.302018919346941
0.37137137137136583       6.316961102049109
0.3718718718718663        6.331946455998436
0.3723723723723668        6.346975100139393
0.3728728728728673        6.362047153773537
0.3733733733733678        6.37716273656053
0.3738738738738683        6.39232196851918
0.37437437437436877       6.40752497002846
0.37487487487486926       6.422771861828549
0.37537537537536975       6.438062765021868
0.37587587587587024       6.453397801074118
0.3763763763763707        6.468777091815327
0.3768768768768712        6.484200759440898
0.3773773773773717        6.499668926512656
0.3778778778778722        6.515181715959896
0.3783783783783727        6.5307392510804565
0.37887887887887317       6.546341655541759
0.37937937937937366       6.561989053381887
0.37987987987987415       6.577681569010644
0.38038038038037464       6.593419327210623
0.38088088088087513       6.609202453138283
0.3813813813813756        6.625031072325023
0.3818818818818761        6.64090531067826
0.3823823823823766        6.656825294482517
0.3828828828828771        6.6727911504004975
0.3833833833833776        6.688803005474192
0.38388388388387806       6.704860987125953
0.38438438438437855       6.720965223159601
0.38488488488487904       6.737115841761521
0.38538538538537953       6.753312971501768
0.38588588588588          6.769556741335168
0.3863863863863805        6.785847280602429
0.386886886886881         6.8021847190312545
0.3873873873873815        6.8185691867374585
0.387887887887882         6.83500081422609
0.38838838838838247       6.851479732392548
0.38888888888888296       6.868006072523709
0.38938938938938344       6.884579966299062
0.38988988988988393       6.901201545791842
0.3903903903903844        6.917870943470159
0.3908908908908849        6.934588292198139
0.3913913913913854        6.9513537252370785
0.3918918918918859        6.968167376246578
0.3923923923923864        6.985029379285703
0.39289289289288687       7.001939868814128
0.39339339339338736       7.0188989796933035
0.39389389389388785       7.035906847187611
0.39439439439438834       7.052963606965529
0.3948948948948888        7.070069395100803
0.3953953953953893        7.087224348073613
0.3958958958958898        7.104428602771755
0.3963963963963903        7.1216822964918105
0.3968968968968908        7.13898556694034
0.39739739739739127       7.156338552235059
0.39789789789789176       7.173741390906037
0.39839839839839225       7.191194221896879
0.39889889889889274       7.208697184565931
0.39939939939939323       7.226250418687485
0.3998998998998937        7.243854064452965
0.4004004004003942        7.261508262472154
0.4009009009008947        7.2792131537743945
0.4014014014013952        7.296968879809807
0.4019019019018957        7.3147755824505065
0.40240240240239616       7.332633403991833
0.40290290290289665       7.350542487153564
0.40340340340339714       7.368502975081152
0.40390390390389763       7.386515011346966
0.4044044044043981        7.404578739951512
0.4049049049048986        7.422694305324688
0.4054054054053991        7.440861852327023
0.4059059059058996        7.459081526250924
0.4064064064064001        7.4773534728219335
0.40690690690690057       7.495677838199982
0.40740740740740106       7.514054768980651
0.40790790790790155       7.532484412196435
0.40840840840840203       7.550966915318006
0.4089089089089025        7.569502426255497
0.409409409409403         7.588091093359756
0.4099099099099035        7.606733065423648
0.410410410410404         7.625428491683329
0.4109109109109045        7.644177521819527
0.41141141141140497       7.662980305958845
0.41191191191190546       7.681836994675039
0.41241241241240595       7.700747738990342
0.41291291291290644       7.719712690376738
0.4134134134134069        7.738732000757292
0.4139139139139074        7.757805822507445
0.4144144144144079        7.776934308456342
0.4149149149149084        7.796117611888137
0.4154154154154089        7.815355886543327
0.4159159159159094        7.834649286620071
0.41641641641640986       7.853997966775526
0.41691691691691035       7.873402082127175
0.41741741741741084       7.8928617882541765
0.41791791791791133       7.912377241198693
0.4184184184184118        7.931948597467252
0.4189189189189123        7.951576014032088
0.4194194194194128        7.971259648332499
0.4199199199199133        7.9909996582762055
0.4204204204204138        8.01079620224072
0.42092092092091427       8.030649439074706
0.42142142142141475       8.05055952809935
0.42192192192191524       8.070526629109745
0.42242242242241573       8.090550902376261
0.4229229229229162        8.110632508645935
0.4234234234234167        8.130771609143858
0.4239239239239172        8.150968365574565
0.4244244244244177        8.171222940123434
0.4249249249249182        8.191535495458087
0.42542542542541867       8.211906194729789
0.42592592592591916       8.232335201574871
0.42642642642641965       8.252822680116134
0.42692692692692014       8.273368794964256
0.4274274274274206        8.293973711219243
0.4279279279279211        8.314637594471824
0.4284284284284216        8.335360610804907
0.4289289289289221        8.356142926794996
0.4294294294294226        8.376984709513641
0.42992992992992307       8.39788612652888
0.43043043043042356       8.418847345906682
0.43093093093092405       8.439868536212408
0.43143143143142454       8.460949866512259
0.43193193193192503       8.482091506374738
0.4324324324324255        8.503293625872132
0.432932932932926         8.524556395581955
0.4334334334334265        8.545879986588451
0.433933933933927         8.567264570484046
0.4344344344344275        8.588710319370852
0.43493493493492796       8.610217405862144
0.43543543543542845       8.631786003083864
0.43593593593592894       8.653416284676096
0.43643643643642943       8.6751084247946
0.4369369369369299        8.696862598112281
0.4374374374374304        8.718678979820735
0.4379379379379309        8.74055774563174
0.4384384384384314        8.762499071778786
0.4389389389389319        8.78450313501859
0.43943943943943237       8.806570112632642
0.43993993993993286       8.828700182428722
0.44044044044043335       8.850893522742453
0.44094094094093383       8.873150312438826
0.4414414414414343        8.89547073091376
0.4419419419419348        8.917854958095656
0.4424424424424353        8.940303174446948
0.4429429429429358        8.96281556096566
0.4434434434434363        8.985392299186987
0.44394394394393677       9.008033571184859
0.44444444444443726       9.030739559573503
0.44494494494493775       9.053510447509046
0.44544544544543824       9.07634641869109
0.4459459459459387        9.099247657364304
0.4464464464464392        9.122214348320005
0.4469469469469397        9.145246676897788
0.4474474474474402        9.168344828987095
0.4479479479479407        9.191508991028861
0.4484484484484412        9.214739350017096
0.44894894894894166       9.238036093500522
0.44944944944944215       9.261399409584188
0.44994994994994264       9.28482948693111
0.45045045045044313       9.308326514763907
0.4509509509509436        9.331890682866408
0.4514514514514441        9.355522181585334
0.4519519519519446        9.379221201831937
0.4524524524524451        9.402987935083633
0.4529529529529456        9.42682257338569
0.45345345345344606       9.450725309352872
0.45395395395394655       9.474696336171114
0.45445445445444704       9.49873584759919
0.45495495495494753       9.522844037970408
0.455455455455448         9.547021102194282
0.4559559559559485        9.571267235758208
0.456456456456449         9.595582634729185
0.4569569569569495        9.619967495755501
0.45745745745745          9.644422016068429
0.45795795795795047       9.66894639348395
0.45845845845845096       9.69354082640446
0.45895895895895145       9.718205513820497
0.45945945945945194       9.742940655312454
0.4599599599599524        9.767746451052325
0.4604604604604529        9.792623101805422
0.4609609609609534        9.81757080893213
0.4614614614614539        9.842589774389644
0.4619619619619544        9.867680200733732
0.46246246246245487       9.892842291120475
0.46296296296295536       9.918076249308044
0.46346346346345585       9.943382279658445
0.46396396396395634       9.968760587139329
0.4644644644644568        9.99421137732573
0.4649649649649573        10.01973485640187
0.4654654654654578        10.045331231162942
0.4659659659659583        10.071000709016904
0.4664664664664588        10.096743497986276
0.4669669669669593        10.122559806709958
0.46746746746745976       10.148449844445013
0.46796796796796025       10.174413821068505
0.46846846846846074       10.20045194707932
0.46896896896896123       10.226564433599973
0.4694694694694617        10.252751492378469
0.4699699699699622        10.2790133357901
0.4704704704704627        10.305350176839347
0.4709709709709632        10.331762229161662
0.4714714714714637        10.35824970702537
0.47197197197196417       10.38481282533351
0.47247247247246466       10.411451799625702
0.47297297297296514       10.438166846080023
0.47347347347346563       10.464958181514875
0.4739739739739661        10.491826023390875
0.4744744744744666        10.51877058981274
0.4749749749749671        10.545792099531182
0.4754754754754676        10.5728907719448
0.4759759759759681        10.600066827101998
0.47647647647646857       10.627320485702889
0.47697697697696906       10.654651969101206
0.47747747747746955       10.682061499306233
0.47797797797797004       10.709549298984731
0.4784784784784705        10.73711559146287
0.478978978978971         10.76476060072817
0.4794794794794715        10.792484551431444
0.479979979979972         10.82028766888876
0.4804804804804725        10.848170179083375
0.48098098098097297       10.876132308667726
0.48148148148147346       10.90417428496539
0.48198198198197395       10.932296335973039
0.48248248248247444       10.960498690362448
0.48298298298297493       10.988781577482476
0.4834834834834754        11.017145227361047
0.4839839839839759        11.045589870707161
0.4844844844844764        11.074115738912889
0.4849849849849769        11.102723064055398
0.4854854854854774        11.13141207889896
0.48598598598597786       11.160183016896964
0.48648648648647835       11.189036112193964
0.48698698698697884       11.21797159962771
0.48748748748747933       11.246989714731177
0.4879879879879798        11.276090693734634
0.4884884884884803        11.305274773567675
0.4889889889889808        11.334542191861297
0.4894894894894813        11.363893186949955
0.4899899899899818        11.393327997873643
0.49049049049048227       11.422846864379956
0.49099099099098276       11.45245002692621
0.49149149149148325       11.482137726681483
0.49199199199198373       11.511910205528764
0.4924924924924842        11.541767706067015
0.4929929929929847        11.571710471613315
0.4934934934934852        11.601738746204944
0.4939939939939857        11.63185277460154
0.4944944944944862        11.66205280228719
0.49499499499498667       11.692339075472608
0.49549549549548716       11.722711841097238
0.49599599599598765       11.753171346831431
0.49649649649648814       11.783717841078586
0.4969969969969886        11.814351572977312
0.4974974974974891        11.845072792403604
0.4979979979979896        11.875881749973008
0.4984984984984901        11.90677869704281
0.4989989989989906        11.937763885714217
0.4994994994994911        11.968837568834555
0.5                       12
